fort.14
        3137
            1 
mannings_n_at_sea_floor
  1 
  1 
  0.025 
mannings_n_at_sea_floor
        3137
1	0.032
2	0.032
3	0.032
4	0.032
5	0.032
6	0.032
7	0.032
8	0.032
9	0.032
10	0.032
11	0.032
12	0.032
13	0.032
14	0.032
15	0.032
16	0.032
17	0.032
18	0.032
19	0.032
20	0.032
21	0.032
22	0.032
23	0.032
24	0.032
25	0.032
26	0.032
27	0.032
28	0.032
29	0.032
30	0.032
31	0.032
32	0.032
33	0.032
34	0.032
35	0.032
36	0.032
37	0.032
38	0.032
39	0.032
40	0.032
41	0.032
42	0.032
43	0.032
44	0.032
45	0.032
46	0.032
47	0.032
48	0.032
49	0.032
50	0.032
51	0.032
52	0.032
53	0.032
54	0.032
55	0.032
56	0.032
57	0.032
58	0.032
59	0.032
60	0.032
61	0.032
62	0.032
63	0.032
64	0.032
65	0.032
66	0.032
67	0.032
68	0.032
69	0.032
70	0.032
71	0.032
72	0.032
73	0.032
74	0.032
75	0.032
76	0.032
77	0.032
78	0.032
79	0.032
80	0.032
81	0.032
82	0.032
83	0.032
84	0.032
85	0.032
86	0.032
87	0.032
88	0.032
89	0.032
90	0.032
91	0.032
92	0.032
93	0.032
94	0.032
95	0.032
96	0.032
97	0.032
98	0.032
99	0.032
100	0.032
101	0.032
102	0.032
103	0.032
104	0.032
105	0.032
106	0.032
107	0.032
108	0.032
109	0.032
110	0.032
111	0.032
112	0.032
113	0.032
114	0.032
115	0.032
116	0.032
117	0.032
118	0.032
119	0.032
120	0.032
121	0.032
122	0.032
123	0.032
124	0.032
125	0.032
126	0.032
127	0.032
128	0.032
129	0.032
130	0.032
131	0.032
132	0.032
133	0.032
134	0.032
135	0.032
136	0.032
137	0.032
138	0.032
139	0.032
140	0.032
141	0.032
142	0.032
143	0.032
144	0.032
145	0.032
146	0.032
147	0.032
148	0.032
149	0.032
150	0.032
151	0.032
152	0.032
153	0.032
154	0.032
155	0.032
156	0.032
157	0.032
158	0.032
159	0.032
160	0.032
161	0.032
162	0.032
163	0.032
164	0.032
165	0.032
166	0.032
167	0.032
168	0.032
169	0.032
170	0.032
171	0.032
172	0.032
173	0.032
174	0.032
175	0.032
176	0.032
177	0.032
178	0.032
179	0.032
180	0.032
181	0.032
182	0.032
183	0.032
184	0.032
185	0.032
186	0.032
187	0.032
188	0.032
189	0.032
190	0.032
191	0.032
192	0.032
193	0.032
194	0.032
195	0.032
196	0.032
197	0.032
198	0.032
199	0.032
200	0.032
201	0.032
202	0.032
203	0.032
204	0.032
205	0.032
206	0.032
207	0.032
208	0.032
209	0.032
210	0.032
211	0.032
212	0.032
213	0.032
214	0.032
215	0.032
216	0.032
217	0.032
218	0.032
219	0.032
220	0.032
221	0.032
222	0.032
223	0.032
224	0.032
225	0.032
226	0.032
227	0.032
228	0.032
229	0.032
230	0.032
231	0.032
232	0.032
233	0.032
234	0.032
235	0.032
236	0.032
237	0.032
238	0.032
239	0.032
240	0.032
241	0.032
242	0.032
243	0.032
244	0.032
245	0.032
246	0.032
247	0.032
248	0.032
249	0.032
250	0.032
251	0.032
252	0.032
253	0.032
254	0.032
255	0.032
256	0.032
257	0.032
258	0.032
259	0.032
260	0.032
261	0.032
262	0.032
263	0.032
264	0.032
265	0.032
266	0.032
267	0.032
268	0.032
269	0.032
270	0.032
271	0.032
272	0.032
273	0.032
274	0.032
275	0.032
276	0.032
277	0.032
278	0.032
279	0.032
280	0.032
281	0.032
282	0.032
283	0.032
284	0.032
285	0.032
286	0.032
287	0.032
288	0.032
289	0.032
290	0.032
291	0.032
292	0.032
293	0.032
294	0.032
295	0.032
296	0.032
297	0.032
298	0.032
299	0.032
300	0.032
301	0.032
302	0.032
303	0.032
304	0.032
305	0.032
306	0.032
307	0.032
308	0.032
309	0.032
310	0.032
311	0.032
312	0.032
313	0.032
314	0.032
315	0.032
316	0.032
317	0.032
318	0.032
319	0.032
320	0.032
321	0.032
322	0.032
323	0.032
324	0.032
325	0.032
326	0.032
327	0.032
328	0.032
329	0.032
330	0.032
331	0.032
332	0.032
333	0.032
334	0.032
335	0.032
336	0.032
337	0.032
338	0.032
339	0.032
340	0.032
341	0.032
342	0.032
343	0.032
344	0.032
345	0.032
346	0.032
347	0.032
348	0.032
349	0.032
350	0.032
351	0.032
352	0.032
353	0.032
354	0.032
355	0.032
356	0.032
357	0.032
358	0.032
359	0.032
360	0.032
361	0.032
362	0.032
363	0.032
364	0.032
365	0.032
366	0.032
367	0.032
368	0.032
369	0.032
370	0.032
371	0.032
372	0.032
373	0.032
374	0.032
375	0.032
376	0.032
377	0.032
378	0.032
379	0.032
380	0.032
381	0.032
382	0.032
383	0.032
384	0.032
385	0.032
386	0.032
387	0.032
388	0.032
389	0.032
390	0.032
391	0.032
392	0.032
393	0.032
394	0.032
395	0.032
396	0.032
397	0.032
398	0.032
399	0.032
400	0.032
401	0.032
402	0.032
403	0.032
404	0.032
405	0.032
406	0.032
407	0.032
408	0.032
409	0.032
410	0.032
411	0.032
412	0.032
413	0.032
414	0.032
415	0.032
416	0.032
417	0.032
418	0.032
419	0.032
420	0.032
421	0.032
422	0.032
423	0.032
424	0.032
425	0.032
426	0.032
427	0.032
428	0.032
429	0.032
430	0.032
431	0.032
432	0.032
433	0.032
434	0.032
435	0.032
436	0.032
437	0.032
438	0.032
439	0.032
440	0.032
441	0.032
442	0.032
443	0.032
444	0.032
445	0.032
446	0.032
447	0.032
448	0.032
449	0.032
450	0.032
451	0.032
452	0.032
453	0.032
454	0.032
455	0.032
456	0.032
457	0.032
458	0.032
459	0.032
460	0.032
461	0.032
462	0.032
463	0.032
464	0.032
465	0.032
466	0.032
467	0.032
468	0.032
469	0.032
470	0.032
471	0.032
472	0.032
473	0.032
474	0.032
475	0.032
476	0.032
477	0.032
478	0.032
479	0.032
480	0.032
481	0.032
482	0.032
483	0.032
484	0.032
485	0.032
486	0.032
487	0.032
488	0.032
489	0.032
490	0.032
491	0.032
492	0.032
493	0.032
494	0.032
495	0.032
496	0.032
497	0.032
498	0.032
499	0.032
500	0.032
501	0.032
502	0.032
503	0.032
504	0.032
505	0.032
506	0.032
507	0.032
508	0.032
509	0.032
510	0.032
511	0.032
512	0.032
513	0.032
514	0.032
515	0.032
516	0.032
517	0.032
518	0.032
519	0.032
520	0.032
521	0.032
522	0.032
523	0.032
524	0.032
525	0.032
526	0.032
527	0.032
528	0.032
529	0.032
530	0.032
531	0.032
532	0.032
533	0.032
534	0.032
535	0.032
536	0.032
537	0.032
538	0.032
539	0.032
540	0.032
541	0.032
542	0.032
543	0.032
544	0.032
545	0.032
546	0.032
547	0.032
548	0.032
549	0.032
550	0.032
551	0.032
552	0.032
553	0.032
554	0.032
555	0.032
556	0.032
557	0.032
558	0.032
559	0.032
560	0.032
561	0.032
562	0.032
563	0.032
564	0.032
565	0.032
566	0.032
567	0.032
568	0.032
569	0.032
570	0.032
571	0.032
572	0.032
573	0.032
574	0.032
575	0.032
576	0.032
577	0.032
578	0.032
579	0.032
580	0.032
581	0.032
582	0.032
583	0.032
584	0.032
585	0.032
586	0.032
587	0.032
588	0.032
589	0.032
590	0.032
591	0.032
592	0.032
593	0.032
594	0.032
595	0.032
596	0.032
597	0.032
598	0.032
599	0.032
600	0.032
601	0.032
602	0.032
603	0.032
604	0.032
605	0.032
606	0.032
607	0.032
608	0.032
609	0.032
610	0.032
611	0.032
612	0.032
613	0.032
614	0.032
615	0.032
616	0.032
617	0.032
618	0.032
619	0.032
620	0.032
621	0.032
622	0.032
623	0.032
624	0.032
625	0.032
626	0.032
627	0.032
628	0.032
629	0.032
630	0.032
631	0.032
632	0.032
633	0.032
634	0.032
635	0.032
636	0.032
637	0.032
638	0.032
639	0.032
640	0.032
641	0.032
642	0.032
643	0.032
644	0.032
645	0.032
646	0.032
647	0.032
648	0.032
649	0.032
650	0.032
651	0.032
652	0.032
653	0.032
654	0.032
655	0.032
656	0.032
657	0.032
658	0.032
659	0.032
660	0.032
661	0.032
662	0.032
663	0.032
664	0.032
665	0.032
666	0.032
667	0.032
668	0.032
669	0.032
670	0.032
671	0.032
672	0.032
673	0.032
674	0.032
675	0.032
676	0.032
677	0.032
678	0.032
679	0.032
680	0.032
681	0.032
682	0.032
683	0.032
684	0.032
685	0.032
686	0.032
687	0.032
688	0.032
689	0.032
690	0.032
691	0.032
692	0.032
693	0.032
694	0.032
695	0.032
696	0.032
697	0.032
698	0.032
699	0.032
700	0.032
701	0.032
702	0.032
703	0.032
704	0.032
705	0.032
706	0.032
707	0.032
708	0.032
709	0.032
710	0.032
711	0.032
712	0.032
713	0.032
714	0.032
715	0.032
716	0.032
717	0.032
718	0.032
719	0.032
720	0.032
721	0.032
722	0.032
723	0.032
724	0.032
725	0.032
726	0.032
727	0.032
728	0.032
729	0.032
730	0.032
731	0.032
732	0.032
733	0.032
734	0.032
735	0.032
736	0.032
737	0.032
738	0.032
739	0.032
740	0.032
741	0.032
742	0.032
743	0.032
744	0.032
745	0.032
746	0.032
747	0.032
748	0.032
749	0.032
750	0.032
751	0.032
752	0.032
753	0.032
754	0.032
755	0.032
756	0.032
757	0.032
758	0.032
759	0.032
760	0.032
761	0.032
762	0.032
763	0.032
764	0.032
765	0.032
766	0.032
767	0.032
768	0.032
769	0.032
770	0.032
771	0.032
772	0.032
773	0.032
774	0.032
775	0.032
776	0.032
777	0.032
778	0.032
779	0.032
780	0.032
781	0.032
782	0.032
783	0.032
784	0.032
785	0.032
786	0.032
787	0.032
788	0.032
789	0.032
790	0.032
791	0.032
792	0.032
793	0.032
794	0.032
795	0.032
796	0.032
797	0.032
798	0.032
799	0.032
800	0.032
801	0.032
802	0.032
803	0.032
804	0.032
805	0.032
806	0.032
807	0.032
808	0.032
809	0.032
810	0.032
811	0.032
812	0.032
813	0.032
814	0.032
815	0.032
816	0.032
817	0.032
818	0.032
819	0.032
820	0.032
821	0.032
822	0.032
823	0.032
824	0.032
825	0.032
826	0.032
827	0.032
828	0.032
829	0.032
830	0.032
831	0.032
832	0.032
833	0.032
834	0.032
835	0.032
836	0.032
837	0.032
838	0.032
839	0.032
840	0.032
841	0.032
842	0.032
843	0.032
844	0.032
845	0.032
846	0.032
847	0.032
848	0.032
849	0.032
850	0.032
851	0.032
852	0.032
853	0.032
854	0.032
855	0.032
856	0.032
857	0.032
858	0.032
859	0.032
860	0.032
861	0.032
862	0.032
863	0.032
864	0.032
865	0.032
866	0.032
867	0.032
868	0.032
869	0.032
870	0.032
871	0.032
872	0.032
873	0.032
874	0.032
875	0.032
876	0.032
877	0.032
878	0.032
879	0.032
880	0.032
881	0.032
882	0.032
883	0.032
884	0.032
885	0.032
886	0.032
887	0.032
888	0.032
889	0.032
890	0.032
891	0.032
892	0.032
893	0.032
894	0.032
895	0.032
896	0.032
897	0.032
898	0.032
899	0.032
900	0.032
901	0.032
902	0.032
903	0.032
904	0.032
905	0.032
906	0.032
907	0.032
908	0.032
909	0.032
910	0.032
911	0.032
912	0.032
913	0.032
914	0.032
915	0.032
916	0.032
917	0.032
918	0.032
919	0.032
920	0.032
921	0.032
922	0.032
923	0.032
924	0.032
925	0.032
926	0.032
927	0.032
928	0.032
929	0.032
930	0.032
931	0.032
932	0.032
933	0.032
934	0.032
935	0.032
936	0.032
937	0.032
938	0.032
939	0.032
940	0.032
941	0.032
942	0.032
943	0.032
944	0.032
945	0.032
946	0.032
947	0.032
948	0.032
949	0.032
950	0.032
951	0.032
952	0.032
953	0.032
954	0.032
955	0.032
956	0.032
957	0.032
958	0.032
959	0.032
960	0.032
961	0.032
962	0.032
963	0.032
964	0.032
965	0.032
966	0.032
967	0.032
968	0.032
969	0.032
970	0.032
971	0.032
972	0.032
973	0.032
974	0.032
975	0.032
976	0.032
977	0.032
978	0.032
979	0.032
980	0.032
981	0.032
982	0.032
983	0.032
984	0.032
985	0.032
986	0.032
987	0.032
988	0.032
989	0.032
990	0.032
991	0.032
992	0.032
993	0.032
994	0.032
995	0.032
996	0.032
997	0.032
998	0.032
999	0.032
1000	0.032
1001	0.032
1002	0.032
1003	0.032
1004	0.032
1005	0.032
1006	0.032
1007	0.032
1008	0.032
1009	0.032
1010	0.032
1011	0.032
1012	0.032
1013	0.032
1014	0.032
1015	0.032
1016	0.032
1017	0.032
1018	0.032
1019	0.032
1020	0.032
1021	0.032
1022	0.032
1023	0.032
1024	0.032
1025	0.032
1026	0.032
1027	0.032
1028	0.032
1029	0.032
1030	0.032
1031	0.032
1032	0.032
1033	0.032
1034	0.032
1035	0.032
1036	0.032
1037	0.032
1038	0.032
1039	0.032
1040	0.032
1041	0.032
1042	0.032
1043	0.032
1044	0.032
1045	0.032
1046	0.032
1047	0.032
1048	0.032
1049	0.032
1050	0.032
1051	0.032
1052	0.032
1053	0.032
1054	0.032
1055	0.032
1056	0.032
1057	0.032
1058	0.032
1059	0.032
1060	0.032
1061	0.032
1062	0.032
1063	0.032
1064	0.032
1065	0.032
1066	0.032
1067	0.032
1068	0.032
1069	0.032
1070	0.032
1071	0.032
1072	0.032
1073	0.032
1074	0.032
1075	0.032
1076	0.032
1077	0.032
1078	0.032
1079	0.032
1080	0.032
1081	0.032
1082	0.032
1083	0.032
1084	0.032
1085	0.032
1086	0.032
1087	0.032
1088	0.032
1089	0.032
1090	0.032
1091	0.032
1092	0.032
1093	0.032
1094	0.032
1095	0.032
1096	0.032
1097	0.032
1098	0.032
1099	0.032
1100	0.032
1101	0.032
1102	0.032
1103	0.032
1104	0.032
1105	0.032
1106	0.032
1107	0.032
1108	0.032
1109	0.032
1110	0.032
1111	0.032
1112	0.032
1113	0.032
1114	0.032
1115	0.032
1116	0.032
1117	0.032
1118	0.032
1119	0.032
1120	0.032
1121	0.032
1122	0.032
1123	0.032
1124	0.032
1125	0.032
1126	0.032
1127	0.032
1128	0.032
1129	0.032
1130	0.032
1131	0.032
1132	0.032
1133	0.032
1134	0.032
1135	0.032
1136	0.032
1137	0.032
1138	0.032
1139	0.032
1140	0.032
1141	0.032
1142	0.032
1143	0.032
1144	0.032
1145	0.032
1146	0.032
1147	0.032
1148	0.032
1149	0.032
1150	0.032
1151	0.032
1152	0.032
1153	0.032
1154	0.032
1155	0.032
1156	0.032
1157	0.032
1158	0.032
1159	0.032
1160	0.032
1161	0.032
1162	0.032
1163	0.032
1164	0.032
1165	0.032
1166	0.032
1167	0.032
1168	0.032
1169	0.032
1170	0.032
1171	0.032
1172	0.032
1173	0.032
1174	0.032
1175	0.032
1176	0.032
1177	0.032
1178	0.032
1179	0.032
1180	0.032
1181	0.032
1182	0.032
1183	0.032
1184	0.032
1185	0.032
1186	0.032
1187	0.032
1188	0.032
1189	0.032
1190	0.032
1191	0.032
1192	0.032
1193	0.032
1194	0.032
1195	0.032
1196	0.032
1197	0.032
1198	0.032
1199	0.032
1200	0.032
1201	0.032
1202	0.032
1203	0.032
1204	0.032
1205	0.032
1206	0.032
1207	0.032
1208	0.032
1209	0.032
1210	0.032
1211	0.032
1212	0.032
1213	0.032
1214	0.032
1215	0.032
1216	0.032
1217	0.032
1218	0.032
1219	0.032
1220	0.032
1221	0.032
1222	0.032
1223	0.032
1224	0.032
1225	0.032
1226	0.032
1227	0.032
1228	0.032
1229	0.032
1230	0.032
1231	0.032
1232	0.032
1233	0.032
1234	0.032
1235	0.032
1236	0.032
1237	0.032
1238	0.032
1239	0.032
1240	0.032
1241	0.032
1242	0.032
1243	0.032
1244	0.032
1245	0.032
1246	0.032
1247	0.032
1248	0.032
1249	0.032
1250	0.032
1251	0.032
1252	0.032
1253	0.032
1254	0.032
1255	0.032
1256	0.032
1257	0.032
1258	0.032
1259	0.032
1260	0.032
1261	0.032
1262	0.032
1263	0.032
1264	0.032
1265	0.032
1266	0.032
1267	0.032
1268	0.032
1269	0.032
1270	0.032
1271	0.032
1272	0.032
1273	0.032
1274	0.032
1275	0.032
1276	0.032
1277	0.032
1278	0.032
1279	0.032
1280	0.032
1281	0.032
1282	0.032
1283	0.032
1284	0.032
1285	0.032
1286	0.032
1287	0.032
1288	0.032
1289	0.032
1290	0.032
1291	0.032
1292	0.032
1293	0.032
1294	0.032
1295	0.032
1296	0.032
1297	0.032
1298	0.032
1299	0.032
1300	0.032
1301	0.032
1302	0.032
1303	0.032
1304	0.032
1305	0.032
1306	0.032
1307	0.032
1308	0.032
1309	0.032
1310	0.032
1311	0.032
1312	0.032
1313	0.032
1314	0.032
1315	0.032
1316	0.032
1317	0.032
1318	0.032
1319	0.032
1320	0.032
1321	0.032
1322	0.032
1323	0.032
1324	0.032
1325	0.032
1326	0.032
1327	0.032
1328	0.032
1329	0.032
1330	0.032
1331	0.032
1332	0.032
1333	0.032
1334	0.032
1335	0.032
1336	0.032
1337	0.032
1338	0.032
1339	0.032
1340	0.032
1341	0.032
1342	0.032
1343	0.032
1344	0.032
1345	0.032
1346	0.032
1347	0.032
1348	0.032
1349	0.032
1350	0.032
1351	0.032
1352	0.032
1353	0.032
1354	0.032
1355	0.032
1356	0.032
1357	0.032
1358	0.032
1359	0.032
1360	0.032
1361	0.032
1362	0.032
1363	0.032
1364	0.032
1365	0.032
1366	0.032
1367	0.032
1368	0.032
1369	0.032
1370	0.032
1371	0.032
1372	0.032
1373	0.032
1374	0.032
1375	0.032
1376	0.032
1377	0.032
1378	0.032
1379	0.032
1380	0.032
1381	0.032
1382	0.032
1383	0.032
1384	0.032
1385	0.032
1386	0.032
1387	0.032
1388	0.032
1389	0.032
1390	0.032
1391	0.032
1392	0.032
1393	0.032
1394	0.032
1395	0.032
1396	0.032
1397	0.032
1398	0.032
1399	0.032
1400	0.032
1401	0.032
1402	0.032
1403	0.032
1404	0.032
1405	0.032
1406	0.032
1407	0.032
1408	0.032
1409	0.032
1410	0.032
1411	0.032
1412	0.032
1413	0.032
1414	0.032
1415	0.032
1416	0.032
1417	0.032
1418	0.032
1419	0.032
1420	0.032
1421	0.032
1422	0.032
1423	0.032
1424	0.032
1425	0.032
1426	0.032
1427	0.032
1428	0.032
1429	0.032
1430	0.032
1431	0.032
1432	0.032
1433	0.032
1434	0.032
1435	0.032
1436	0.032
1437	0.032
1438	0.032
1439	0.032
1440	0.032
1441	0.032
1442	0.032
1443	0.032
1444	0.032
1445	0.032
1446	0.032
1447	0.032
1448	0.032
1449	0.032
1450	0.032
1451	0.032
1452	0.032
1453	0.032
1454	0.032
1455	0.032
1456	0.032
1457	0.032
1458	0.032
1459	0.032
1460	0.032
1461	0.032
1462	0.032
1463	0.032
1464	0.032
1465	0.032
1466	0.032
1467	0.032
1468	0.032
1469	0.032
1470	0.032
1471	0.032
1472	0.032
1473	0.032
1474	0.032
1475	0.032
1476	0.032
1477	0.032
1478	0.032
1479	0.032
1480	0.032
1481	0.032
1482	0.032
1483	0.032
1484	0.032
1485	0.032
1486	0.032
1487	0.032
1488	0.032
1489	0.032
1490	0.032
1491	0.032
1492	0.032
1493	0.032
1494	0.032
1495	0.032
1496	0.032
1497	0.032
1498	0.032
1499	0.032
1500	0.032
1501	0.032
1502	0.032
1503	0.032
1504	0.032
1505	0.032
1506	0.032
1507	0.032
1508	0.032
1509	0.032
1510	0.032
1511	0.032
1512	0.032
1513	0.032
1514	0.032
1515	0.032
1516	0.032
1517	0.032
1518	0.032
1519	0.032
1520	0.032
1521	0.032
1522	0.032
1523	0.032
1524	0.032
1525	0.032
1526	0.032
1527	0.032
1528	0.032
1529	0.032
1530	0.032
1531	0.032
1532	0.032
1533	0.032
1534	0.032
1535	0.032
1536	0.032
1537	0.032
1538	0.032
1539	0.032
1540	0.032
1541	0.032
1542	0.032
1543	0.032
1544	0.032
1545	0.032
1546	0.032
1547	0.032
1548	0.032
1549	0.032
1550	0.032
1551	0.032
1552	0.032
1553	0.032
1554	0.032
1555	0.032
1556	0.032
1557	0.032
1558	0.032
1559	0.032
1560	0.032
1561	0.032
1562	0.032
1563	0.032
1564	0.032
1565	0.032
1566	0.032
1567	0.032
1568	0.032
1569	0.032
1570	0.032
1571	0.032
1572	0.032
1573	0.032
1574	0.032
1575	0.032
1576	0.032
1577	0.032
1578	0.032
1579	0.032
1580	0.032
1581	0.032
1582	0.032
1583	0.032
1584	0.032
1585	0.032
1586	0.032
1587	0.032
1588	0.032
1589	0.032
1590	0.032
1591	0.032
1592	0.032
1593	0.032
1594	0.032
1595	0.032
1596	0.032
1597	0.032
1598	0.032
1599	0.032
1600	0.032
1601	0.032
1602	0.032
1603	0.032
1604	0.032
1605	0.032
1606	0.032
1607	0.032
1608	0.032
1609	0.032
1610	0.032
1611	0.032
1612	0.032
1613	0.032
1614	0.032
1615	0.032
1616	0.032
1617	0.032
1618	0.032
1619	0.032
1620	0.032
1621	0.032
1622	0.032
1623	0.032
1624	0.032
1625	0.032
1626	0.032
1627	0.032
1628	0.032
1629	0.032
1630	0.032
1631	0.032
1632	0.032
1633	0.032
1634	0.032
1635	0.032
1636	0.032
1637	0.032
1638	0.032
1639	0.032
1640	0.032
1641	0.032
1642	0.032
1643	0.032
1644	0.032
1645	0.032
1646	0.032
1647	0.032
1648	0.032
1649	0.032
1650	0.032
1651	0.032
1652	0.032
1653	0.032
1654	0.032
1655	0.032
1656	0.032
1657	0.032
1658	0.032
1659	0.032
1660	0.032
1661	0.032
1662	0.032
1663	0.032
1664	0.032
1665	0.032
1666	0.032
1667	0.032
1668	0.032
1669	0.032
1670	0.032
1671	0.032
1672	0.032
1673	0.032
1674	0.032
1675	0.032
1676	0.032
1677	0.032
1678	0.032
1679	0.032
1680	0.032
1681	0.032
1682	0.032
1683	0.032
1684	0.032
1685	0.032
1686	0.032
1687	0.032
1688	0.032
1689	0.032
1690	0.032
1691	0.032
1692	0.032
1693	0.032
1694	0.032
1695	0.032
1696	0.032
1697	0.032
1698	0.032
1699	0.032
1700	0.032
1701	0.032
1702	0.032
1703	0.032
1704	0.032
1705	0.032
1706	0.032
1707	0.032
1708	0.032
1709	0.032
1710	0.032
1711	0.032
1712	0.032
1713	0.032
1714	0.032
1715	0.032
1716	0.032
1717	0.032
1718	0.032
1719	0.032
1720	0.032
1721	0.032
1722	0.032
1723	0.032
1724	0.032
1725	0.032
1726	0.032
1727	0.032
1728	0.032
1729	0.032
1730	0.032
1731	0.032
1732	0.032
1733	0.032
1734	0.032
1735	0.032
1736	0.032
1737	0.032
1738	0.032
1739	0.032
1740	0.032
1741	0.032
1742	0.032
1743	0.032
1744	0.032
1745	0.032
1746	0.032
1747	0.032
1748	0.032
1749	0.032
1750	0.032
1751	0.032
1752	0.032
1753	0.032
1754	0.032
1755	0.032
1756	0.032
1757	0.032
1758	0.032
1759	0.032
1760	0.032
1761	0.032
1762	0.032
1763	0.032
1764	0.032
1765	0.032
1766	0.032
1767	0.032
1768	0.032
1769	0.032
1770	0.032
1771	0.032
1772	0.032
1773	0.032
1774	0.032
1775	0.032
1776	0.032
1777	0.032
1778	0.032
1779	0.032
1780	0.032
1781	0.032
1782	0.032
1783	0.032
1784	0.032
1785	0.032
1786	0.032
1787	0.032
1788	0.032
1789	0.032
1790	0.032
1791	0.032
1792	0.032
1793	0.032
1794	0.032
1795	0.032
1796	0.032
1797	0.032
1798	0.032
1799	0.032
1800	0.032
1801	0.032
1802	0.032
1803	0.032
1804	0.032
1805	0.032
1806	0.032
1807	0.032
1808	0.032
1809	0.032
1810	0.032
1811	0.032
1812	0.032
1813	0.032
1814	0.032
1815	0.032
1816	0.032
1817	0.032
1818	0.032
1819	0.032
1820	0.032
1821	0.032
1822	0.032
1823	0.032
1824	0.032
1825	0.032
1826	0.032
1827	0.032
1828	0.032
1829	0.032
1830	0.032
1831	0.032
1832	0.032
1833	0.032
1834	0.032
1835	0.032
1836	0.032
1837	0.032
1838	0.032
1839	0.032
1840	0.032
1841	0.032
1842	0.032
1843	0.032
1844	0.032
1845	0.032
1846	0.032
1847	0.032
1848	0.032
1849	0.032
1850	0.032
1851	0.032
1852	0.032
1853	0.032
1854	0.032
1855	0.032
1856	0.032
1857	0.032
1858	0.032
1859	0.032
1860	0.032
1861	0.032
1862	0.032
1863	0.032
1864	0.032
1865	0.032
1866	0.032
1867	0.032
1868	0.032
1869	0.032
1870	0.032
1871	0.032
1872	0.032
1873	0.032
1874	0.032
1875	0.032
1876	0.032
1877	0.032
1878	0.032
1879	0.032
1880	0.032
1881	0.032
1882	0.032
1883	0.032
1884	0.032
1885	0.032
1886	0.032
1887	0.032
1888	0.032
1889	0.032
1890	0.032
1891	0.032
1892	0.032
1893	0.032
1894	0.032
1895	0.032
1896	0.032
1897	0.032
1898	0.032
1899	0.032
1900	0.032
1901	0.032
1902	0.032
1903	0.032
1904	0.032
1905	0.032
1906	0.032
1907	0.032
1908	0.032
1909	0.032
1910	0.032
1911	0.032
1912	0.032
1913	0.032
1914	0.032
1915	0.032
1916	0.032
1917	0.032
1918	0.032
1919	0.032
1920	0.032
1921	0.032
1922	0.032
1923	0.032
1924	0.032
1925	0.032
1926	0.032
1927	0.032
1928	0.032
1929	0.032
1930	0.032
1931	0.032
1932	0.032
1933	0.032
1934	0.032
1935	0.032
1936	0.032
1937	0.032
1938	0.032
1939	0.032
1940	0.032
1941	0.032
1942	0.032
1943	0.032
1944	0.032
1945	0.032
1946	0.032
1947	0.032
1948	0.032
1949	0.032
1950	0.032
1951	0.032
1952	0.032
1953	0.032
1954	0.032
1955	0.032
1956	0.032
1957	0.032
1958	0.032
1959	0.032
1960	0.032
1961	0.032
1962	0.032
1963	0.032
1964	0.032
1965	0.032
1966	0.032
1967	0.032
1968	0.032
1969	0.032
1970	0.032
1971	0.032
1972	0.032
1973	0.032
1974	0.032
1975	0.032
1976	0.032
1977	0.032
1978	0.032
1979	0.032
1980	0.032
1981	0.032
1982	0.032
1983	0.032
1984	0.032
1985	0.032
1986	0.032
1987	0.032
1988	0.032
1989	0.032
1990	0.032
1991	0.032
1992	0.032
1993	0.032
1994	0.032
1995	0.032
1996	0.032
1997	0.032
1998	0.032
1999	0.032
2000	0.032
2001	0.032
2002	0.032
2003	0.032
2004	0.032
2005	0.032
2006	0.032
2007	0.032
2008	0.032
2009	0.032
2010	0.032
2011	0.032
2012	0.032
2013	0.032
2014	0.032
2015	0.032
2016	0.032
2017	0.032
2018	0.032
2019	0.032
2020	0.032
2021	0.032
2022	0.032
2023	0.032
2024	0.032
2025	0.032
2026	0.032
2027	0.032
2028	0.032
2029	0.032
2030	0.032
2031	0.032
2032	0.032
2033	0.032
2034	0.032
2035	0.032
2036	0.032
2037	0.032
2038	0.032
2039	0.032
2040	0.032
2041	0.032
2042	0.032
2043	0.032
2044	0.032
2045	0.032
2046	0.032
2047	0.032
2048	0.032
2049	0.032
2050	0.032
2051	0.032
2052	0.032
2053	0.032
2054	0.032
2055	0.032
2056	0.032
2057	0.032
2058	0.032
2059	0.032
2060	0.032
2061	0.032
2062	0.032
2063	0.032
2064	0.032
2065	0.032
2066	0.032
2067	0.032
2068	0.032
2069	0.032
2070	0.032
2071	0.032
2072	0.032
2073	0.032
2074	0.032
2075	0.032
2076	0.032
2077	0.032
2078	0.032
2079	0.032
2080	0.032
2081	0.032
2082	0.032
2083	0.032
2084	0.032
2085	0.032
2086	0.032
2087	0.032
2088	0.032
2089	0.032
2090	0.032
2091	0.032
2092	0.032
2093	0.032
2094	0.032
2095	0.032
2096	0.032
2097	0.032
2098	0.032
2099	0.032
2100	0.032
2101	0.032
2102	0.032
2103	0.032
2104	0.032
2105	0.032
2106	0.032
2107	0.032
2108	0.032
2109	0.032
2110	0.032
2111	0.032
2112	0.032
2113	0.032
2114	0.032
2115	0.032
2116	0.032
2117	0.032
2118	0.032
2119	0.032
2120	0.032
2121	0.032
2122	0.032
2123	0.032
2124	0.032
2125	0.032
2126	0.032
2127	0.032
2128	0.032
2129	0.032
2130	0.032
2131	0.032
2132	0.032
2133	0.032
2134	0.032
2135	0.032
2136	0.032
2137	0.032
2138	0.032
2139	0.032
2140	0.032
2141	0.032
2142	0.032
2143	0.032
2144	0.032
2145	0.032
2146	0.032
2147	0.032
2148	0.032
2149	0.032
2150	0.032
2151	0.032
2152	0.032
2153	0.032
2154	0.032
2155	0.032
2156	0.032
2157	0.032
2158	0.032
2159	0.032
2160	0.032
2161	0.032
2162	0.032
2163	0.032
2164	0.032
2165	0.032
2166	0.032
2167	0.032
2168	0.032
2169	0.032
2170	0.032
2171	0.032
2172	0.032
2173	0.032
2174	0.032
2175	0.032
2176	0.032
2177	0.032
2178	0.032
2179	0.032
2180	0.032
2181	0.032
2182	0.032
2183	0.032
2184	0.032
2185	0.032
2186	0.032
2187	0.032
2188	0.032
2189	0.032
2190	0.032
2191	0.032
2192	0.032
2193	0.032
2194	0.032
2195	0.032
2196	0.032
2197	0.032
2198	0.032
2199	0.032
2200	0.032
2201	0.032
2202	0.032
2203	0.032
2204	0.032
2205	0.032
2206	0.032
2207	0.032
2208	0.032
2209	0.032
2210	0.032
2211	0.032
2212	0.06
2213	0.06
2214	0.06
2215	0.06
2216	0.06
2217	0.06
2218	0.06
2219	0.06
2220	0.06
2221	0.06
2222	0.06
2223	0.06
2224	0.06
2225	0.06
2226	0.06
2227	0.06
2228	0.06
2229	0.06
2230	0.06
2231	0.06
2232	0.06
2233	0.06
2234	0.06
2235	0.06
2236	0.06
2237	0.06
2238	0.06
2239	0.06
2240	0.06
2241	0.06
2242	0.06
2243	0.06
2244	0.06
2245	0.06
2246	0.06
2247	0.06
2248	0.06
2249	0.06
2250	0.06
2251	0.06
2252	0.06
2253	0.06
2254	0.06
2255	0.06
2256	0.06
2257	0.06
2258	0.06
2259	0.06
2260	0.06
2261	0.06
2262	0.06
2263	0.06
2264	0.06
2265	0.06
2266	0.06
2267	0.06
2268	0.06
2269	0.06
2270	0.06
2271	0.06
2272	0.06
2273	0.06
2274	0.06
2275	0.06
2276	0.06
2277	0.06
2278	0.06
2279	0.06
2280	0.06
2281	0.06
2282	0.06
2283	0.06
2284	0.06
2285	0.06
2286	0.06
2287	0.06
2288	0.06
2289	0.06
2290	0.06
2291	0.06
2292	0.06
2293	0.06
2294	0.06
2295	0.06
2296	0.06
2297	0.06
2298	0.06
2299	0.06
2300	0.06
2301	0.06
2302	0.06
2303	0.06
2304	0.06
2305	0.06
2306	0.06
2307	0.06
2308	0.06
2309	0.06
2310	0.06
2311	0.06
2312	0.06
2313	0.06
2314	0.06
2315	0.06
2316	0.06
2317	0.06
2318	0.06
2319	0.06
2320	0.06
2321	0.06
2322	0.06
2323	0.06
2324	0.06
2325	0.06
2326	0.06
2327	0.06
2328	0.06
2329	0.06
2330	0.06
2331	0.06
2332	0.06
2333	0.06
2334	0.06
2335	0.06
2336	0.06
2337	0.06
2338	0.06
2339	0.06
2340	0.06
2341	0.06
2342	0.06
2343	0.06
2344	0.06
2345	0.06
2346	0.06
2347	0.06
2348	0.06
2349	0.06
2350	0.06
2351	0.06
2352	0.06
2353	0.06
2354	0.06
2355	0.06
2356	0.06
2357	0.06
2358	0.06
2359	0.06
2360	0.06
2361	0.06
2362	0.06
2363	0.06
2364	0.06
2365	0.06
2366	0.06
2367	0.06
2368	0.06
2369	0.06
2370	0.06
2371	0.06
2372	0.06
2373	0.06
2374	0.06
2375	0.06
2376	0.06
2377	0.06
2378	0.06
2379	0.06
2380	0.06
2381	0.06
2382	0.06
2383	0.06
2384	0.06
2385	0.06
2386	0.06
2387	0.06
2388	0.06
2389	0.06
2390	0.06
2391	0.06
2392	0.06
2393	0.06
2394	0.06
2395	0.06
2396	0.06
2397	0.06
2398	0.06
2399	0.06
2400	0.06
2401	0.06
2402	0.06
2403	0.06
2404	0.06
2405	0.06
2406	0.06
2407	0.06
2408	0.06
2409	0.06
2410	0.06
2411	0.06
2412	0.06
2413	0.06
2414	0.06
2415	0.06
2416	0.06
2417	0.06
2418	0.06
2419	0.06
2420	0.06
2421	0.06
2422	0.06
2423	0.06
2424	0.06
2425	0.06
2426	0.06
2427	0.06
2428	0.06
2429	0.06
2430	0.06
2431	0.06
2432	0.06
2433	0.06
2434	0.06
2435	0.06
2436	0.06
2437	0.06
2438	0.06
2439	0.06
2440	0.06
2441	0.06
2442	0.06
2443	0.06
2444	0.06
2445	0.06
2446	0.06
2447	0.06
2448	0.06
2449	0.06
2450	0.06
2451	0.06
2452	0.06
2453	0.06
2454	0.06
2455	0.06
2456	0.06
2457	0.06
2458	0.06
2459	0.06
2460	0.06
2461	0.06
2462	0.06
2463	0.06
2464	0.06
2465	0.06
2466	0.06
2467	0.06
2468	0.06
2469	0.06
2470	0.06
2471	0.06
2472	0.06
2473	0.06
2474	0.06
2475	0.06
2476	0.06
2477	0.06
2478	0.06
2479	0.06
2480	0.06
2481	0.06
2482	0.06
2483	0.06
2484	0.06
2485	0.06
2486	0.06
2487	0.06
2488	0.06
2489	0.06
2490	0.06
2491	0.06
2492	0.06
2493	0.06
2494	0.06
2495	0.06
2496	0.06
2497	0.06
2498	0.06
2499	0.06
2500	0.06
2501	0.06
2502	0.06
2503	0.06
2504	0.06
2505	0.06
2506	0.06
2507	0.06
2508	0.06
2509	0.06
2510	0.06
2511	0.06
2512	0.06
2513	0.06
2514	0.06
2515	0.06
2516	0.06
2517	0.06
2518	0.06
2519	0.06
2520	0.06
2521	0.06
2522	0.06
2523	0.06
2524	0.06
2525	0.06
2526	0.06
2527	0.06
2528	0.06
2529	0.06
2530	0.06
2531	0.06
2532	0.06
2533	0.06
2534	0.06
2535	0.06
2536	0.06
2537	0.06
2538	0.06
2539	0.06
2540	0.06
2541	0.06
2542	0.06
2543	0.06
2544	0.06
2545	0.06
2546	0.06
2547	0.06
2548	0.06
2549	0.06
2550	0.06
2551	0.06
2552	0.06
2553	0.06
2554	0.06
2555	0.06
2556	0.06
2557	0.06
2558	0.06
2559	0.06
2560	0.06
2561	0.06
2562	0.06
2563	0.06
2564	0.06
2565	0.06
2566	0.06
2567	0.06
2568	0.06
2569	0.06
2570	0.06
2571	0.06
2572	0.06
2573	0.06
2574	0.06
2575	0.06
2576	0.06
2577	0.06
2578	0.06
2579	0.06
2580	0.06
2581	0.06
2582	0.06
2583	0.06
2584	0.06
2585	0.06
2586	0.06
2587	0.06
2588	0.06
2589	0.06
2590	0.06
2591	0.06
2592	0.06
2593	0.06
2594	0.06
2595	0.06
2596	0.06
2597	0.06
2598	0.06
2599	0.06
2600	0.06
2601	0.06
2602	0.06
2603	0.06
2604	0.06
2605	0.06
2606	0.06
2607	0.06
2608	0.06
2609	0.06
2610	0.06
2611	0.06
2612	0.06
2613	0.06
2614	0.06
2615	0.06
2616	0.06
2617	0.06
2618	0.06
2619	0.06
2620	0.06
2621	0.06
2622	0.06
2623	0.06
2624	0.06
2625	0.06
2626	0.06
2627	0.06
2628	0.06
2629	0.06
2630	0.06
2631	0.06
2632	0.06
2633	0.06
2634	0.06
2635	0.06
2636	0.06
2637	0.06
2638	0.06
2639	0.06
2640	0.06
2641	0.06
2642	0.06
2643	0.06
2644	0.06
2645	0.06
2646	0.06
2647	0.06
2648	0.06
2649	0.06
2650	0.06
2651	0.06
2652	0.06
2653	0.06
2654	0.06
2655	0.06
2656	0.06
2657	0.06
2658	0.06
2659	0.06
2660	0.06
2661	0.06
2662	0.06
2663	0.06
2664	0.06
2665	0.06
2666	0.06
2667	0.06
2668	0.06
2669	0.06
2670	0.06
2671	0.06
2672	0.06
2673	0.06
2674	0.06
2675	0.06
2676	0.06
2677	0.06
2678	0.06
2679	0.06
2680	0.06
2681	0.06
2682	0.06
2683	0.06
2684	0.06
2685	0.06
2686	0.06
2687	0.06
2688	0.06
2689	0.06
2690	0.06
2691	0.06
2692	0.06
2693	0.06
2694	0.06
2695	0.06
2696	0.06
2697	0.06
2698	0.06
2699	0.06
2700	0.06
2701	0.06
2702	0.06
2703	0.06
2704	0.06
2705	0.06
2706	0.06
2707	0.06
2708	0.06
2709	0.06
2710	0.06
2711	0.06
2712	0.06
2713	0.06
2714	0.06
2715	0.06
2716	0.06
2717	0.06
2718	0.06
2719	0.06
2720	0.06
2721	0.06
2722	0.06
2723	0.06
2724	0.06
2725	0.06
2726	0.06
2727	0.06
2728	0.06
2729	0.06
2730	0.06
2731	0.06
2732	0.06
2733	0.06
2734	0.06
2735	0.06
2736	0.06
2737	0.06
2738	0.06
2739	0.06
2740	0.06
2741	0.06
2742	0.06
2743	0.06
2744	0.06
2745	0.06
2746	0.06
2747	0.06
2748	0.06
2749	0.06
2750	0.06
2751	0.06
2752	0.06
2753	0.06
2754	0.06
2755	0.06
2756	0.06
2757	0.06
2758	0.06
2759	0.06
2760	0.06
2761	0.06
2762	0.06
2763	0.06
2764	0.06
2765	0.06
2766	0.06
2767	0.06
2768	0.06
2769	0.06
2770	0.06
2771	0.06
2772	0.06
2773	0.06
2774	0.06
2775	0.06
2776	0.06
2777	0.06
2778	0.06
2779	0.06
2780	0.06
2781	0.06
2782	0.06
2783	0.06
2784	0.06
2785	0.06
2786	0.06
2787	0.06
2788	0.06
2789	0.06
2790	0.06
2791	0.06
2792	0.06
2793	0.06
2794	0.06
2795	0.06
2796	0.06
2797	0.06
2798	0.06
2799	0.06
2800	0.06
2801	0.06
2802	0.06
2803	0.06
2804	0.06
2805	0.06
2806	0.06
2807	0.06
2808	0.06
2809	0.06
2810	0.06
2811	0.06
2812	0.06
2813	0.06
2814	0.06
2815	0.06
2816	0.06
2817	0.06
2818	0.06
2819	0.06
2820	0.06
2821	0.06
2822	0.06
2823	0.06
2824	0.06
2825	0.06
2826	0.06
2827	0.06
2828	0.06
2829	0.06
2830	0.06
2831	0.06
2832	0.06
2833	0.06
2834	0.06
2835	0.06
2836	0.06
2837	0.06
2838	0.06
2839	0.06
2840	0.06
2841	0.06
2842	0.06
2843	0.06
2844	0.06
2845	0.06
2846	0.06
2847	0.06
2848	0.06
2849	0.06
2850	0.06
2851	0.06
2852	0.06
2853	0.06
2854	0.06
2855	0.06
2856	0.06
2857	0.06
2858	0.06
2859	0.06
2860	0.06
2861	0.06
2862	0.06
2863	0.06
2864	0.06
2865	0.06
2866	0.06
2867	0.06
2868	0.06
2869	0.06
2870	0.06
2871	0.06
2872	0.06
2873	0.06
2874	0.06
2875	0.06
2876	0.06
2877	0.06
2878	0.06
2879	0.06
2880	0.06
2881	0.06
2882	0.06
2883	0.06
2884	0.06
2885	0.06
2886	0.06
2887	0.06
2888	0.06
2889	0.06
2890	0.06
2891	0.06
2892	0.06
2893	0.06
2894	0.06
2895	0.06
2896	0.06
2897	0.06
2898	0.06
2899	0.06
2900	0.06
2901	0.06
2902	0.06
2903	0.06
2904	0.06
2905	0.06
2906	0.06
2907	0.06
2908	0.06
2909	0.06
2910	0.06
2911	0.06
2912	0.06
2913	0.06
2914	0.06
2915	0.06
2916	0.06
2917	0.06
2918	0.06
2919	0.06
2920	0.06
2921	0.06
2922	0.06
2923	0.06
2924	0.06
2925	0.06
2926	0.06
2927	0.06
2928	0.06
2929	0.06
2930	0.06
2931	0.06
2932	0.06
2933	0.06
2934	0.06
2935	0.06
2936	0.06
2937	0.06
2938	0.06
2939	0.06
2940	0.06
2941	0.06
2942	0.06
2943	0.06
2944	0.06
2945	0.06
2946	0.06
2947	0.06
2948	0.06
2949	0.06
2950	0.06
2951	0.06
2952	0.06
2953	0.06
2954	0.06
2955	0.06
2956	0.06
2957	0.06
2958	0.06
2959	0.06
2960	0.06
2961	0.06
2962	0.06
2963	0.06
2964	0.06
2965	0.06
2966	0.06
2967	0.06
2968	0.06
2969	0.06
2970	0.06
2971	0.06
2972	0.06
2973	0.06
2974	0.06
2975	0.06
2976	0.06
2977	0.06
2978	0.06
2979	0.06
2980	0.06
2981	0.06
2982	0.06
2983	0.06
2984	0.06
2985	0.06
2986	0.06
2987	0.06
2988	0.06
2989	0.06
2990	0.06
2991	0.06
2992	0.06
2993	0.06
2994	0.06
2995	0.06
2996	0.06
2997	0.06
2998	0.06
2999	0.06
3000	0.06
3001	0.06
3002	0.06
3003	0.06
3004	0.06
3005	0.06
3006	0.06
3007	0.06
3008	0.06
3009	0.06
3010	0.06
3011	0.06
3012	0.06
3013	0.06
3014	0.06
3015	0.06
3016	0.06
3017	0.06
3018	0.06
3019	0.06
3020	0.06
3021	0.06
3022	0.06
3023	0.06
3024	0.06
3025	0.06
3026	0.06
3027	0.06
3028	0.06
3029	0.06
3030	0.06
3031	0.06
3032	0.06
3033	0.06
3034	0.06
3035	0.06
3036	0.06
3037	0.06
3038	0.06
3039	0.06
3040	0.06
3041	0.06
3042	0.06
3043	0.06
3044	0.06
3045	0.06
3046	0.06
3047	0.06
3048	0.06
3049	0.06
3050	0.06
3051	0.06
3052	0.06
3053	0.06
3054	0.06
3055	0.06
3056	0.06
3057	0.06
3058	0.06
3059	0.06
3060	0.06
3061	0.06
3062	0.06
3063	0.06
3064	0.06
3065	0.06
3066	0.06
3067	0.06
3068	0.06
3069	0.06
3070	0.06
3071	0.06
3072	0.06
3073	0.06
3074	0.06
3075	0.06
3076	0.06
3077	0.06
3078	0.06
3079	0.06
3080	0.06
3081	0.06
3082	0.06
3083	0.06
3084	0.06
3085	0.06
3086	0.06
3087	0.06
3088	0.06
3089	0.06
3090	0.06
3091	0.06
3092	0.06
3093	0.06
3094	0.06
3095	0.06
3096	0.06
3097	0.06
3098	0.06
3099	0.06
3100	0.06
3101	0.06
3102	0.06
3103	0.06
3104	0.06
3105	0.06
3106	0.06
3107	0.06
3108	0.06
3109	0.06
3110	0.06
3111	0.06
3112	0.06
3113	0.06
3114	0.06
3115	0.06
3116	0.06
3117	0.06
3118	0.06
3119	0.06
3120	0.06
3121	0.06
3122	0.06
3123	0.06
3124	0.06
3125	0.06
3126	0.06
3127	0.06
3128	0.06
3129	0.06
3130	0.06
3131	0.06
3132	0.06
3133	0.06
3134	0.06
3135	0.06
3136	0.06
3137	0.06