AL, 31, 2016100200,   , BEST,   0, 196N, 1315E, 105,  960,   ,  64, NEQ,   25,   25,   25,   25, 1013,     ,  00,     ,    ,    ,    ,    ,319,  16,   BOLAVEN  ,   1,    3, 0, 0, 0, 0,      9.2,    9.2,    9.2,    9.2,     1.7925
AL, 31, 2016100200,   , BEST,   0, 196N, 1315E, 105,  960,   ,  50, NEQ,   50,   35,   30,   50, 1013,     ,  00,     ,    ,    ,    ,    ,319,  16,   BOLAVEN  ,   1,    3, 0, 0, 0, 0,     13.8,    9.4,    8.0,   13.8,     1.7925
AL, 31, 2016100200,   , BEST,   0, 196N, 1315E, 105,  960,   ,  34, NEQ,   90,   65,   55,   85, 1013,     ,  00,     ,    ,    ,    ,    ,319,  16,   BOLAVEN  ,   1,    3, 1, 1, 1, 1,     16.8,   11.5,    9.5,   15.7,     1.7925
AL, 31, 2016100206,   , BEST,   6, 208N, 1304E, 110,  945,   ,  64, NEQ,   25,   25,   25,   25, 1013,     ,  00,     ,    ,    ,    ,    ,319,  16,   BOLAVEN  ,   2,    3, 0, 0, 0, 0,      7.3,    7.3,    7.3,    7.3,     1.5457
AL, 31, 2016100206,   , BEST,   6, 208N, 1304E, 110,  945,   ,  50, NEQ,   50,   35,   30,   50, 1013,     ,  00,     ,    ,    ,    ,    ,319,  16,   BOLAVEN  ,   2,    3, 0, 0, 0, 0,     10.5,    7.1,    6.0,   10.5,     1.5457
AL, 31, 2016100206,   , BEST,   6, 208N, 1304E, 110,  945,   ,  34, NEQ,   85,   55,   45,   75, 1013,     ,  00,     ,    ,    ,    ,    ,319,  16,   BOLAVEN  ,   2,    3, 1, 1, 1, 1,     11.3,    6.7,    5.3,    9.7,     1.5457
AL, 31, 2016100212,   , BEST,  12, 218N, 1293E, 110,  945,   ,  64, NEQ,   25,   25,   25,   25, 1013,     ,  00,     ,    ,    ,    ,    ,314,  14,   BOLAVEN  ,   3,    3, 0, 0, 0, 0,      7.5,    7.5,    7.5,    7.5,     1.5617
AL, 31, 2016100212,   , BEST,  12, 218N, 1293E, 110,  945,   ,  50, NEQ,   50,   35,   30,   50, 1013,     ,  00,     ,    ,    ,    ,    ,314,  14,   BOLAVEN  ,   3,    3, 0, 0, 0, 0,     10.9,    7.4,    6.3,   10.9,     1.5617
AL, 31, 2016100212,   , BEST,  12, 218N, 1293E, 110,  945,   ,  34, NEQ,   85,   55,   45,   75, 1013,     ,  00,     ,    ,    ,    ,    ,314,  14,   BOLAVEN  ,   3,    3, 1, 1, 1, 1,     12.0,    7.1,    5.7,   10.3,     1.5617
AL, 31, 2016100218,   , BEST,  18, 228N, 1283E, 115,  940,   ,  64, NEQ,   25,   25,   25,   25, 1013,     ,  00,     ,    ,    ,    ,    ,317,  14,   BOLAVEN  ,   4,    3, 0, 0, 0, 0,      7.2,    7.2,    7.2,    7.2,     1.6084
AL, 31, 2016100218,   , BEST,  18, 228N, 1283E, 115,  940,   ,  50, NEQ,   50,   35,   30,   50, 1013,     ,  00,     ,    ,    ,    ,    ,317,  14,   BOLAVEN  ,   4,    3, 0, 0, 0, 0,     10.7,    7.2,    6.1,   10.7,     1.6084
AL, 31, 2016100218,   , BEST,  18, 228N, 1283E, 115,  940,   ,  34, NEQ,   85,   55,   45,   75, 1013,     ,  00,     ,    ,    ,    ,    ,317,  14,   BOLAVEN  ,   4,    3, 1, 1, 1, 1,     11.9,    7.1,    5.6,   10.3,     1.6084
AL, 31, 2016100300,   , BEST,  24, 239N, 1275E, 125,  930,   ,  64, NEQ,   35,   30,   30,   35, 1013,     ,  00,     ,    ,    ,    ,    ,326,  13,   BOLAVEN  ,   5,    3, 0, 0, 0, 0,      9.6,    8.1,    8.1,    9.6,     1.6949
AL, 31, 2016100300,   , BEST,  24, 239N, 1275E, 125,  930,   ,  50, NEQ,   70,   55,   40,   60, 1013,     ,  00,     ,    ,    ,    ,    ,326,  13,   BOLAVEN  ,   5,    3, 0, 0, 0, 0,     14.8,   11.3,    7.9,   12.4,     1.6949
AL, 31, 2016100300,   , BEST,  24, 239N, 1275E, 125,  930,   ,  34, NEQ,  105,   75,   65,   90, 1013,     ,  00,     ,    ,    ,    ,    ,326,  13,   BOLAVEN  ,   5,    3, 1, 1, 1, 1,     15.1,   10.0,    8.4,   12.4,     1.6949
AL, 31, 2016100306,   , BEST,  30, 250N, 1270E, 145,  930,   ,  64, NEQ,   25,   20,   20,   25, 1013,     ,  00,     ,    ,    ,    ,    ,338,  12,   BOLAVEN  ,   6,    3, 0, 0, 0, 0,      8.3,    6.6,    6.6,    8.3,     2.3384
AL, 31, 2016100306,   , BEST,  30, 250N, 1270E, 145,  930,   ,  50, NEQ,   60,   45,   35,   40, 1013,     ,  00,     ,    ,    ,    ,    ,338,  12,   BOLAVEN  ,   6,    3, 0, 0, 0, 0,     16.5,   12.1,    9.2,   10.7,     2.3384
AL, 31, 2016100306,   , BEST,  30, 250N, 1270E, 145,  930,   ,  34, NEQ,  105,   75,   95,   70, 1013,     ,  00,     ,    ,    ,    ,    ,338,  12,   BOLAVEN  ,   6,    3, 1, 1, 1, 1,     22.2,   15.0,   19.8,   13.9,     2.3384
AL, 31, 2016100312,   , BEST,  36, 259N, 1267E, 145,  930,   ,  64, NEQ,   25,   20,   20,   25, 1013,     ,  00,     ,    ,    ,    ,    ,343,   9,   BOLAVEN  ,   7,    3, 0, 0, 0, 0,      8.4,    6.7,    6.7,    8.4,     2.3721
AL, 31, 2016100312,   , BEST,  36, 259N, 1267E, 145,  930,   ,  50, NEQ,   60,   45,   35,   40, 1013,     ,  00,     ,    ,    ,    ,    ,343,   9,   BOLAVEN  ,   7,    3, 0, 0, 0, 0,     17.0,   12.4,    9.5,   10.9,     2.3721
AL, 31, 2016100312,   , BEST,  36, 259N, 1267E, 145,  930,   ,  34, NEQ,  105,   75,   95,   70, 1013,     ,  00,     ,    ,    ,    ,    ,343,   9,   BOLAVEN  ,   7,    3, 1, 1, 1, 1,     23.1,   15.6,   20.5,   14.4,     2.3721
AL, 31, 2016100318,   , BEST,  42, 268N, 1265E, 135,  930,   ,  64, NEQ,   25,   25,   25,   25, 1013,     ,  00,     ,    ,    ,    ,    ,349,   9,   BOLAVEN  ,   8,    3, 0, 0, 0, 0,      7.7,    7.7,    7.7,    7.7,     2.0456
AL, 31, 2016100318,   , BEST,  42, 268N, 1265E, 135,  930,   ,  50, NEQ,   30,   40,   40,   35, 1013,     ,  00,     ,    ,    ,    ,    ,349,   9,   BOLAVEN  ,   8,    3, 0, 0, 0, 0,      7.1,    9.6,    9.6,    8.3,     2.0456
AL, 31, 2016100318,   , BEST,  42, 268N, 1265E, 135,  930,   ,  34, NEQ,  105,  110,   70,  100, 1013,     ,  00,     ,    ,    ,    ,    ,349,   9,   BOLAVEN  ,   8,    3, 1, 1, 1, 1,     19.6,   20.8,   12.1,   18.5,     2.0456
AL, 31, 2016100400,   , BEST,  48, 279N, 1262E, 125,  935,   ,  64, NEQ,   25,   25,   25,   25, 1013,     ,  00,     ,    ,    ,    ,    ,346,  11,   BOLAVEN  ,   9,    3, 0, 0, 0, 0,      7.3,    7.3,    7.3,    7.3,     1.8256
AL, 31, 2016100400,   , BEST,  48, 279N, 1262E, 125,  935,   ,  50, NEQ,   30,   40,   40,   35, 1013,     ,  00,     ,    ,    ,    ,    ,346,  11,   BOLAVEN  ,   9,    3, 0, 0, 0, 0,      6.5,    8.8,    8.8,    7.6,     1.8256
AL, 31, 2016100400,   , BEST,  48, 279N, 1262E, 125,  935,   ,  34, NEQ,  105,  110,   70,  100, 1013,     ,  00,     ,    ,    ,    ,    ,346,  11,   BOLAVEN  ,   9,    3, 1, 1, 1, 1,     17.5,   18.5,   10.6,   16.4,     1.8256
AL, 31, 2016100406,   , BEST,  54, 295N, 1260E, 120,  940,   ,  64, NEQ,   25,   25,   25,   25, 1013,     ,  00,     ,    ,    ,    ,    ,354,  16,   BOLAVEN  ,  10,    3, 0, 0, 0, 0,      7.1,    7.1,    7.1,    7.1,     1.7349
AL, 31, 2016100406,   , BEST,  54, 295N, 1260E, 120,  940,   ,  50, NEQ,   30,   40,   40,   35, 1013,     ,  00,     ,    ,    ,    ,    ,354,  16,   BOLAVEN  ,  10,    3, 0, 0, 0, 0,      6.1,    8.4,    8.4,    7.2,     1.7349
AL, 31, 2016100406,   , BEST,  54, 295N, 1260E, 120,  940,   ,  34, NEQ,  130,  120,   75,  110, 1013,     ,  00,     ,    ,    ,    ,    ,354,  16,   BOLAVEN  ,  10,    3, 1, 1, 1, 1,     21.4,   19.3,   10.6,   17.2,     1.7349
AL, 31, 2016100412,   , BEST,  60, 311N, 1259E, 110,  948,   ,  64, NEQ,   25,   25,   25,   25, 1013,     ,  00,     ,    ,    ,    ,    ,357,  16,   BOLAVEN  ,  11,    3, 0, 0, 0, 0,      7.4,    7.4,    7.4,    7.4,     1.6150
AL, 31, 2016100412,   , BEST,  60, 311N, 1259E, 110,  948,   ,  50, NEQ,   30,   40,   40,   35, 1013,     ,  00,     ,    ,    ,    ,    ,357,  16,   BOLAVEN  ,  11,    3, 0, 0, 0, 0,      6.2,    8.5,    8.5,    7.3,     1.6150
AL, 31, 2016100412,   , BEST,  60, 311N, 1259E, 110,  948,   ,  34, NEQ,  130,  120,   75,  110, 1013,     ,  00,     ,    ,    ,    ,    ,357,  16,   BOLAVEN  ,  11,    3, 1, 1, 1, 1,     21.5,   19.3,   10.4,   17.2,     1.6150
AL, 31, 2016100418,   , BEST,  66, 325N, 1266E,  85,  955,   ,  64, NEQ,   25,   25,   25,   25, 1013,     ,  00,     ,    ,    ,    ,    , 23,  15,   BOLAVEN  ,  12,    3, 0, 0, 0, 0,      7.8,    7.8,    7.8,    7.8,     1.0348
AL, 31, 2016100418,   , BEST,  66, 325N, 1266E,  85,  955,   ,  50, NEQ,   30,   40,   40,   35, 1013,     ,  00,     ,    ,    ,    ,    , 23,  15,   BOLAVEN  ,  12,    3, 0, 0, 0, 0,      5.0,    7.0,    7.0,    6.0,     1.0348
AL, 31, 2016100418,   , BEST,  66, 325N, 1266E,  85,  955,   ,  34, NEQ,  130,  120,   75,  110, 1013,     ,  00,     ,    ,    ,    ,    , 23,  15,   BOLAVEN  ,  12,    3, 1, 1, 1, 1,     15.5,   13.6,    6.7,   11.9,     1.0348
AL, 31, 2016100500,   , BEST,  72, 341N, 1281E,  75,  970,   ,  64, NEQ,   25,   25,   25,   25, 1013,     ,  00,     ,    ,    ,    ,    , 38,  20,   BOLAVEN  ,  13,    3, 0, 0, 0, 0,     13.1,   13.1,   13.1,   13.1,     1.0031
AL, 31, 2016100500,   , BEST,  72, 341N, 1281E,  75,  970,   ,  50, NEQ,   30,   40,   40,   35, 1013,     ,  00,     ,    ,    ,    ,    , 38,  20,   BOLAVEN  ,  13,    3, 0, 0, 0, 0,      7.2,   10.2,   10.2,    8.6,     1.0031
AL, 31, 2016100500,   , BEST,  72, 341N, 1281E,  75,  970,   ,  34, NEQ,  130,  120,   75,  110, 1013,     ,  00,     ,    ,    ,    ,    , 38,  20,   BOLAVEN  ,  13,    3, 1, 1, 1, 1,     22.2,   19.4,    9.3,   16.9,     1.0031
AL, 31, 2016100506,   , BEST,  78, 362N, 1313E,  50,  980,   ,  50, NEQ,   30,   40,   40,   35, 1013,     ,  00,     ,    ,    ,    ,    , 51,  34,   BOLAVEN  ,  14,    2, 0, 0, 0, 0,     30.0,   40.0,   40.0,   35.0,     1.0000
AL, 31, 2016100506,   , BEST,  78, 362N, 1313E,  50,  980,   ,  34, NEQ,  130,  120,   75,  110, 1013,     ,  00,     ,    ,    ,    ,    , 51,  34,   BOLAVEN  ,  14,    2, 1, 1, 1, 1,     36.6,   33.8,   21.1,   31.0,     1.0000
AL, 31, 2016100518,   , BEST,  90, 395N, 1405E,  35,  996,   ,  34, NEQ,  130,  120,   75,  110, 1013,     ,  00,     ,    ,    ,    ,    , 66,  40,   BOLAVEN  ,  15,    1, 1, 1, 1, 1,     90.6,   83.6,   52.3,   76.7,     1.0000
